anna_karenina.txt:5.040447067493098e-07
divine_comedy.txt:4.4790224981300084e-06
first.txt:0.0002975304968759298
first_simple.txt:0.004273504273504274
little_women.txt:9.089851362750516e-07
moby_dick.txt:8.075228831797021e-07
oliver_twist.txt:1.0959492619329696e-06
room_with_a_view.txt:2.5361721553659062e-06
second.txt:0.0002904443799012489
shakespeare.txt:1.8065293752515593e-07
sherlock.txt:1.7195928691922901e-06
third.txt:0.000328515111695138
war_and_peace.txt:3.098383913934331e-07
